1167658913 0
1167669940 0
1167845528 595
1167849426 0
1167983750 0
1168093825 980
1168098536 22
1168099389 616
1168101147 240
1168103773 271
1168107943 0
1168282541 0
1168287585 0
1168768082 209
1168769086 239
1168770902 238
1168779853 598
1168791865 0
1168812683 0
1168815965 0
1168871928 0
1168876140 0
1168877083 0
1168958000 0
1168963047 0
1169418229 0
1171418276 0
1171419226 0
1171447660 0
1171455345 0
1171482192 46
1171984572 29
1172006396 223
1172010270 0
1172357078 150
1172433487 0
1173133683 0
1173187311 0
1173212421 165
1173285686 0
1173290781 195
1173631515 60
1173819131 0
1174011736 0
1174245458 0
1174360996 0
1174383557 491
1174412220 0
1174415503 0
1174479696 0
1174492039 0
1174493085 0
1174494130 0
1174761997 0
1174874396 0
1174920867 0
1174922590 0
1174926975 0
1174929143 0
1174942783 206
1174943925 0
