19914
301648
26662
195029
38170
3145
7069
7654
65983
99787
24162
2388
82786
45021
186978
8452
7398
70134
75315
7267
16838
2109
2677
53297
78577
19534
61894
17074
37949
2663
53222
174367
17796
76400
50422
41123
73839
7518
325478
8659
5121
2881
4156
3181
6949
3966
17256
35236
15493
19048
64922
152896
40226
16762
49545
3950
11569
186184
66635
271974
2451
36598
9272
18280
14401
9779
11516
47055
2072
9210
10052
37967
3326
4735
6553
20168
45097
3394
20170
107392
126322
7905
9323
4100
4045
4720
3776
6035
63722
5276
5503
10273
5334
3835
2756
61181
6339
8001
41780
12337
44826
13131
28382
28622
39914
35311
6938
7635
2685
3198
68926
15269
49206
3138
18314
56524
6451
12359
4515
9707
2877
38439
2896
4325
34024
12014
32898
9882
4836
3969
31831
22684
21365
16764
17079
40178
6726
3393
19709
4771
65588
6902
82003
8643
17250
8355
29942
3629
45104
4269
2953
30589
11662
50799
3409
32275
2207
20180
12632
15550
7195
34096
8123
34632
161150
46002
47149
45041
76814
25825
31297
93658
48060
66770
54912
34760
6531
68581
93702
6878
31354
37465
2541
6345
3354
65268
19750
155373
22014
14658
45706
33859
20063
6058
2266
23216
16945
4674
5588
19563
130240
2670
9025
47498
117974
175641
154446
35057
67729
