17
130
973
117
876
128
241
0
438
2446
243
29
59
117
919
0
0
55
115
114
117
30
879
39
645
71
240
55
119
0
0
233
0
120
0
165
2205
117
119
123
240
1338
1564
245
392
555
0
4
0
0
1207
0
233
2340
4
0
1
1730
0
0
46
133
0
154
1700
1
1
1
140
534
0
1
0
6308
0
62
475
1570
125
117
0
776
2891
0
383
9
236
879
0
184
7
1
2335
120
1097
1894
0
1553
1
179
117
173
178
180
1
239
202
188
179
179
178
174
154
929
53
1998
0
401
53
32
210
0
0
1
15
1
544
0
1
938
50
125
95
302
1657
40
838
77
9
284
21
29
4298
0
1
25
20
0
16
81
1
38
0
176
1
1
0
59
14
1
189
142
42
2894
46
183
215
201
190
203
295
202
161
934
2
905
2
196
1801
2
25
1
2571
1
1
1
34
1787
5
10
0
10
4
3
90
2
4
86
47
90
18
6
29
1
2
100
4
21
93
0
