19914
301649
27632
195029
38169
3144
81140
99786
24162
2389
82785
45021
95244
2949
104635
70134
75314
7268
16838
2109
2677
53297
78577
19534
61894
17073
93835
192162
126823
41123
73839
7518
325478
8661
5121
2881
4156
3181
6949
3966
17256
50729
19048
217818
40226
16762
49545
3950
11569
186184
338609
2451
45870
18763
14401
9779
11516
47055
2072
9210
10052
41293
2153
13107
20168
46528
3395
20170
234471
7905
11272
4100
4034
4719
3773
3832
65897
5276
5503
10273
2333
5334
3834
2757
67520
8002
41781
12338
44827
13131
28382
28623
39914
35308
6937
7635
2686
3197
68925
15271
49236
3138
83287
12359
4515
9707
44211
4325
34024
12014
42796
4836
3970
31828
22684
21365
16765
18548
41009
6731
3394
19708
4771
65588
9012
90646
17250
8355
33572
45104
4269
2955
42250
50799
3409
34467
20181
12632
15551
7195
34096
8125
34632
161151
46003
47149
45040
76814
25826
31298
93658
48050
66770
54912
34760
6531
68581
93702
6878
31354
37465
2541
6345
3354
65267
19750
155372
22014
60365
33860
20064
6058
2264
23215
16946
4673
5588
19564
130240
2669
9025
47498
117975
175640
154446
30655
4368
