17
129
4
116
877
128
242
2451
243
29
59
118
918
0
0
55
116
114
116
30
879
39
645
71
240
56
119
233
119
165
2205
117
119
122
239
1338
1564
245
392
555
0
4
0
1207
233
2340
4
0
1
1730
0
46
133
154
1217
1
1
1
140
534
0
1
2085
251
62
475
139
124
117
19
942
0
383
21
236
880
30
184
7
1
1
1
120
1097
1894
1553
0
177
117
172
178
179
1
242
203
190
177
178
179
174
123
929
53
401
53
32
211
1
15
1
528
1
938
51
126
95
302
187
40
2
77
9
284
21
29
2188
1
25
20
15
81
1
37
176
1
3
71
14
1
188
142
40
2894
46
181
215
202
190
203
293
203
176
928
2
905
2
196
1801
2
25
1
2571
1
1
1
35
1788
5
9
10
3
2
93
2
4
86
47
89
18
6
30
1
2
100
4
21
17
110
