1128621350 17
1128641281 129
1128943059 4
1128970695 116
1129165840 877
1129204886 128
1129208158 242
1129289540 2451
1129391777 243
1129416182 29
1129418600 59
1129501444 118
1129546583 918
1129642745 0
1129645694 0
1129750329 55
1129820518 116
1129895948 114
1129903330 116
1129920284 30
1129922423 879
1129925979 39
1129979315 645
1130058537 71
1130078142 240
1130140276 56
1130157405 119
1130251359 233
1130443754 119
1130570696 165
1130611984 2205
1130688028 117
1130695663 119
1131021260 122
1131030043 239
1131035403 1338
1131039622 1564
1131045342 245
1131048768 392
1131056109 555
1131060630 0
1131077886 4
1131128619 0
1131147667 1207
1131366692 233
1131407151 2340
1131426253 4
1131475802 0
1131479752 1
1131491322 1730
1131679236 0
1132017845 46
1132020342 133
1132066345 154
1132085262 1217
1132100880 1
1132110660 1
1132122177 1
1132169233 140
1132171445 534
1132181189 0
1132191241 1
1132232535 2085
1132236773 251
1132250131 62
1132270361 475
1132317364 139
1132320898 124
1132341192 117
1132575780 19
1132583704 942
1132595918 0
1132600018 383
1132604435 21
1132609175 236
1132613184 880
1132617896 30
1132683823 184
1132689283 7
1132694793 1
1132705067 1
1132707401 1
1132712736 120
1132716690 1097
1132720544 1894
1132789958 1553
1132799513 0
1132841294 177
1132853809 117
1132898753 172
1132912056 178
1132940616 179
1132969418 1
1133009333 242
1133044883 203
1133052023 190
1133059848 177
1133062711 178
1133066086 179
1133135190 174
1133150635 123
1133199994 929
1133204061 53
1133287401 401
1133300161 53
1133304729 32
1133314468 211
1133358890 1
1133363216 15
1133397255 1
1133409270 528
1133452594 1
1133457431 938
1133462339 51
1133494218 126
1133517028 95
1133538488 302
1133555555 187
1133574290 40
1133615339 2
1133622072 77
1133625543 9
1133645260 284
1133650315 21
1133715924 29
1133724965 2188
1133817799 1
1133835050 25
1133843430 20
1133877022 15
1133922141 81
1133926491 1
1133929447 37
1133971734 176
1134022709 1
1134026119 3
1134060589 71
1134080841 14
1134093487 1
1134109039 188
1134116422 142
1134150660 40
1134158825 2894
1134196351 46
1134357548 181
1134403732 215
1134451096 202
1134496338 190
1134573342 203
1134599371 293
1134630962 203
1134724823 176
1134773049 928
1134840747 2
1134895661 905
1134931326 2
1134937859 196
1135006636 1801
1135102139 2
1135109019 25
1135140398 1
1135177864 2571
1135182976 1
1135189322 1
1135192677 1
1135257945 35
1135277730 1788
1135434890 5
1135456909 9
1135517283 10
1135551153 3
1135571220 2
1135577280 93
1135579637 2
1135602854 4
1135619804 86
1135624563 47
1135630198 89
1135649851 18
1135780109 6
1135782784 30
1135791839 1
1135839338 2
1135957315 100
1136133055 4
1136287505 21
1136318181 17
1136322566 110
