1167845545 595
1167849443 0
1167857118 0
1168047647 27
1168093845 1224
1168095750 182
1168097708 22
1168099911 0
1168103914 0
1168106574 0
1168107991 0
1168194440 40
1168282558 0
1168287345 257
1168292846 617
1168469343 1
1168768021 285
1168769086 284
1168770901 283
1168779853 634
1168791882 0
1168797829 677
1168800291 0
1168815831 0
1168876158 0
1168882464 19
1168887326 0
1168958017 640
1168963064 0
1168964579 0
1168970570 0
1169066841 0
1170114156 0
1170212767 1
1170232481 0
1170974937 0
1171065039 0
1171325708 0
1171327265 0
1171484270 1607
1171783280 27
1171844294 0
1171846754 0
1171984520 0
1171998808 24
1172001113 1
1172010323 0
1172108562 0
1172427869 0
1172434532 0
1172506752 328
1172509229 1
1172530433 0
1172595537 1
1172603030 0
1172813885 117
1172952986 1
1173024698 84
1173034201 23
1173037815 1
1173212642 0
1173219859 217
1173298137 8
1173597731 0
1173631738 0
1173960647 0
1174163271 0
1174167475 0
1174248911 0
1174252862 0
1174339477 627
1174479713 0
1174493103 378
1174494148 0
1174495792 24
1174496940 23
1174514549 0
1174723850 0
1174920421 78
1174922608 0
1174926993 0
1174929196 0
1174943008 60
1174943943 0
